kinematics:
  shoulder:
    x: 0
    y: 0
    z: 0.16229856142760274
    roll: -0
    pitch: 0
    yaw: 1.1753378714729479e-08
  upper_arm:
    x: 5.9284938280792428e-05
    y: 0
    z: 0
    roll: 1.5696756938898533
    pitch: 0
    yaw: 3.1311330251033865e-06
  forearm:
    x: -0.42504694831447387
    y: 0
    z: 0
    roll: 3.1411745183328632
    pitch: 3.1393744447301448
    yaw: -3.1415889424924557
  wrist_1:
    x: -0.39221054983029385
    y: -0.00058096000238852866
    z: 0.13313704325524897
    roll: 0.0043635963427708828
    pitch: -0.0027647563836311019
    yaw: 9.0789217589027397e-06
  wrist_2:
    x: 1.3489325383003436e-05
    y: -0.099562923395100131
    z: 0.00011062981302069408
    roll: 1.5696851725246321
    pitch: 0
    yaw: 1.8182355227339131e-07
  wrist_3:
    x: 0.00015951614438077636
    y: 0.099345841848439934
    z: 0.00019928730250688706
    roll: 1.57280231951173
    pitch: 3.1415926535897931
    yaw: -3.141592553284227
  hash: calib_3418710607970693240